  1) 
  2) 
  3) 
  4) 
  5) 
  6) 
  7) 1020 1018 (main) 1025 1040 1022 
  8) 1007 1014 1018 (EPSILON) 1012 1038 (0.0001) 1041 
  9) 1014 1018 (a) 1006 1018 (b) 1006 1018 (c) 1041 
 10) 1014 1018 (r1) 1006 1018 (r2) 1006 1018 (real) 1006 1018 (imag) 1041 
 11) 1014 1018 (determinant) 1041 
 12) 1020 1018 (done) 1012 1018 (FALSE) 1041 
 13) 
 14) 1018 (printf) 1025 1042 ("\n\tSolving Quadratic Equations\n\n") 1040 1041 
 15) 
 16) 1044 1025 1018 (TRUE) 1040 1022 
 17) 1018 (printf) 1025 1042 ("Enter coefficient a (0.0 to stop): ") 1040 1041 
 18) 1018 (scanf) 1025 1042 ("%f") 1006 1001 1018 (a) 1040 1041 
 19) 1019 1025 1018 (fabs) 1025 1018 (a) 1040 1024 1018 (EPSILON) 1040 1004 1041 
 20) 1018 (printf) 1025 1042 ("Enter coefficient b: ") 1040 1041 
 21) 1018 (scanf) 1025 1042 ("%f") 1006 1001 1018 (b) 1040 1041 
 22) 1018 (printf) 1025 1042 ("Enter coefficient c: ") 1040 1041 
 23) 1018 (scanf) 1025 1042 ("%f") 1006 1001 1018 (c) 1040 1041 
 24) 
 25) 1014 1018 (determinant) 1012 1025 1018 (b) 1043 1018 (b) 1040 1026 1025 1038 (4.0) 1043 1018 (a) 1043 1018 (c) 1040 1041 
 26) 
 27) 1019 1025 1018 (determinant) 1017 1038 (0.0) 1040 1022 
 28) 1018 (r1) 1012 1025 1026 1018 (b) 1033 1018 (sqrt) 1025 1018 (determinant) 1040 1040 1009 1025 1038 (2.0) 1043 1018 (a) 1040 1041 
 29) 1018 (r2) 1012 1025 1026 1018 (b) 1026 1018 (sqrt) 1025 1018 (determinant) 1040 1040 1009 1025 1038 (2.0) 1043 1018 (a) 1040 1041 
 30) 1018 (printf) 1025 1042 ("\nThere are two real roots: %.4f and %.4f\n\n") 1006 1018 (r1) 1006 1018 (r2) 1040 1041 
 31) 1036 1011 1019 1025 1018 (fabs) 1025 1018 (determinant) 1040 1023 1018 (EPSILON) 1040 1022 
 32) 1018 (r1) 1012 1026 1018 (b) 1009 1025 1038 (2.0) 1043 1018 (a) 1040 1041 
 33) 1018 (printf) 1025 1042 ("\nThere is one real root: %.4f\n\n") 1006 1018 (r1) 1040 1041 
 34) 1036 1011 1022 
 35) 1018 (real) 1012 1026 1018 (b) 1009 1025 1038 (2.0) 1043 1018 (a) 1040 1041 
 36) 1018 (imag) 1012 1018 (sqrt) 1025 1026 1018 (determinant) 1040 1009 1025 1038 (2.0) 1043 1018 (a) 1040 1041 
 37) 1018 (printf) 1025 1042 ("\nRoots are two imaginary roots: %.4f +/- %.4fi\n\n") 1006 1018 (real) 1006 1018 (imag) 1040 1041 
 38) 1036 
 39) 1036 
 40) 
 41) 1018 (printf) 1025 1042 ("\n") 1040 1041 
 42) 1039 1021 (0) 1041 
 43) 1036 
 44)
